1.062950e-03
1.143150e-03
1.260900e-03
1.352400e-03
1.450800e-03
1.562650e-03
1.718350e-03
1.869000e-03
1.986150e-03
2.144450e-03
2.314600e-03
2.529700e-03
2.804000e-03
3.039350e-03
3.325600e-03
3.637750e-03
3.981850e-03
4.390550e-03
4.813900e-03
5.218900e-03
5.696600e-03
6.274150e-03
6.879900e-03
7.520550e-03
8.189500e-03
9.013900e-03
9.839150e-03
1.067840e-02
1.177615e-02
1.291300e-02
1.425770e-02
1.578280e-02
1.750690e-02
1.931230e-02
2.160910e-02
2.383635e-02
2.659080e-02
2.951560e-02
3.302340e-02
